 -3.48905e-05 |           0.0 |   8.41715e-06 |   3.50119e-07 |       18.3125
 -6.17648e-05 |           0.0 |   8.37162e-06 |   2.46568e-07 |       18.3125
 -6.26151e-05 |           0.0 |   8.36554e-06 |   2.85771e-07 |       18.3124
 -0.000102236 |           0.0 |   8.38884e-06 |   3.25745e-07 |       18.3124
 -8.37496e-05 |           0.0 |   8.34129e-06 |   2.71903e-07 |       18.3124
 -9.98958e-05 |           0.0 |   8.33153e-06 |   3.19167e-07 |       18.3124
 -9.96706e-05 |           0.0 |   8.39362e-06 |   3.26836e-07 |       18.3124
 -0.000100214 |           0.0 |   8.27495e-06 |   3.65922e-07 |       18.3124
Evaluating losses...
  -0.00012675 |             0 |   9.81994e-06 |   1.27144e-07 |       18.3124
-------------------------------
| loss_pol_surr   | -0.000127 |
| loss_pol_entpen | 0         |
| loss_vf_loss    | 9.82e-06  |
| loss_kl         | 1.27e-07  |
| loss_ent        | 18.3      |
| ev_tdlam_before | 1         |
| EpLenMean       | 103       |
| EpRewMean       | 1.11      |
| EpThisIter      | 160       |
| EpisodesSoFar   | 3.64e+04  |
| TimestepsSoFar  | 4e+06     |
| TimeElapsed     | 7.99e+04  |
-------------------------------
********** Iteration 245 ************
Optimizing...
     pol_surr |    pol_entpen |       vf_loss |            kl |           ent
  2.20258e-07 |           0.0 |   8.04846e-06 |   1.04308e-07 |       18.3124
  4.73345e-07 |           0.0 |   7.99615e-06 |   1.49012e-08 |       18.3124
 -6.39341e-06 |           0.0 |   7.95017e-06 |   3.53903e-08 |       18.3124
 -7.27922e-06 |           0.0 |    7.9358e-06 |   7.07805e-08 |       18.3124
 -7.42381e-06 |           0.0 |   7.92856e-06 |   1.04308e-07 |       18.3124
 -7.49761e-06 |           0.0 |   7.90946e-06 |   1.03377e-07 |       18.3124
 -1.01007e-05 |           0.0 |    7.9224e-06 |   1.55531e-07 |       18.3124
 -1.28616e-05 |           0.0 |    7.8964e-06 |    1.6205e-07 |       18.3124
 -1.09231e-05 |           0.0 |   7.90651e-06 |   1.79745e-07 |       18.3124
 -1.49506e-05 |           0.0 |   7.89385e-06 |   1.51806e-07 |       18.3124
Evaluating losses...
 -1.59575e-05 |             0 |   8.85471e-06 |   2.38419e-07 |       18.3124
------------------------------
| loss_pol_surr   | -1.6e-05 |
| loss_pol_entpen | 0        |
| loss_vf_loss    | 8.85e-06 |
| loss_kl         | 2.38e-07 |
| loss_ent        | 18.3     |
| ev_tdlam_before | 1        |
| EpLenMean       | 103      |
| EpRewMean       | 1.11     |
| EpThisIter      | 160      |
| EpisodesSoFar   | 3.65e+04 |
| TimestepsSoFar  | 4.01e+06 |
| TimeElapsed     | 8.03e+04 |
------------------------------
Saving model pop4m
Saved model pop4m at 18:38:00