Evaluating losses...
 -7.79145e-05 |             0 |   6.00884e-05 |   1.91067e-07 |       21.8499
 -7.79145e-05 |             0 |   6.00884e-05 |   1.91067e-07 |       21.8499
 -7.79145e-05 |             0 |   6.00884e-05 |   1.91067e-07 |       21.8499
 -7.79145e-05 |             0 |   6.00884e-05 |   1.91067e-07 |       21.8499
 -7.79145e-05 |             0 |   6.00884e-05 |   1.91067e-07 |       21.8499
 -7.79145e-05 |             0 |   6.00884e-05 |   1.91067e-07 |       21.8499
 -7.79145e-05 |             0 |   6.00884e-05 |   1.91067e-07 |       21.8499
 -7.79145e-05 |             0 |   6.00884e-05 |   1.91067e-07 |       21.8499
 -7.79145e-05 |             0 |   6.00884e-05 |   1.91067e-07 |       21.8499
 -7.79145e-05 |             0 |   6.00884e-05 |   1.91067e-07 |       21.8499
 -7.79145e-05 |             0 |   6.00884e-05 |   1.91067e-07 |       21.8499
 -7.79145e-05 |             0 |   6.00884e-05 |   1.91067e-07 |       21.8499
 -7.79145e-05 |             0 |   6.00884e-05 |   1.91067e-07 |       21.8499
 -7.79145e-05 |             0 |   6.00884e-05 |   1.91067e-07 |       21.8499
 -7.79145e-05 |             0 |   6.00884e-05 |   1.91067e-07 |       21.8499
 -7.79145e-05 |             0 |   6.00884e-05 |   1.91067e-07 |       21.8499
 -7.79145e-05 |             0 |   6.00884e-05 |   1.91067e-07 |       21.8499
 -7.79145e-05 |             0 |   6.00884e-05 |   1.91067e-07 |       21.8499
 -7.79145e-05 |             0 |   6.00884e-05 |   1.91067e-07 |       21.8499
 -7.79145e-05 |             0 |   6.00884e-05 |   1.91067e-07 |       21.8499
 -7.79145e-05 |             0 |   6.00884e-05 |   1.91067e-07 |       21.8499
 -7.79145e-05 |             0 |   6.00884e-05 |   1.91067e-07 |       21.8499
 -7.79145e-05 |             0 |   6.00884e-05 |   1.91067e-07 |       21.8499
 -7.79145e-05 |             0 |   6.00884e-05 |   1.91067e-07 |       21.8499
 -7.79145e-05 |             0 |   6.00884e-05 |   1.91067e-07 |       21.8499
 -7.79145e-05 |             0 |   6.00884e-05 |   1.91067e-07 |       21.8499
 -7.79145e-05 |             0 |   6.00884e-05 |   1.91067e-07 |       21.8499
 -7.79145e-05 |             0 |   6.00884e-05 |   1.91067e-07 |       21.8499
 -7.79145e-05 |             0 |   6.00884e-05 |   1.91067e-07 |       21.8499
 -7.79145e-05 |             0 |   6.00884e-05 |   1.91067e-07 |       21.8499
 -7.79145e-05 |             0 |   6.00884e-05 |   1.91067e-07 |       21.8499
 -7.79145e-05 |             0 |   6.00884e-05 |   1.91067e-07 |       21.8499
 -7.79145e-05 |             0 |   6.00884e-05 |   1.91067e-07 |       21.8499
 -7.79145e-05 |             0 |   6.00884e-05 |   1.91067e-07 |       21.8499
 -7.79145e-05 |             0 |   6.00884e-05 |   1.91067e-07 |       21.8499
 -7.79145e-05 |             0 |   6.00884e-05 |   1.91067e-07 |       21.8499
-------------------------------
| loss_pol_surr   | -7.79e-05 |
| loss_pol_entpen | 0         |
| loss_vf_loss    | 6.01e-05  |
| loss_kl         | 1.91e-07  |
| loss_ent        | 21.8      |
| ev_tdlam_before | 0.999     |
| EpLenMean       | 125       |
| EpRewMean       | 2.33      |
| EpThisIter      | 589       |
| EpisodesSoFar   | 6.15e+04  |
| TimestepsSoFar  | 8.03e+06  |
| TimeElapsed     | 2.75e+04  |
-------------------------------
Saving model ppo8m.type1
Saved model ppo8m.type1 at 06:31:15